0 1
0 2
0 3
0 4
0 5
0 6
0 7
0 8
0 9
0 10
0 11
0 12
0 13
0 14
0 15
0 16
0 17
0 18
0 19
0 20
0 21
0 22
0 23
0 24
0 25
0 26
0 27
0 28
0 29
0 30
0 31
0 32
1 33
1 10
1 30
1 3
1 18
1 20
1 4
1 25
1 5
1 26
1 27
1 22
1 17
1 13
1 19
1 6
1 2
1 8
1 9
1 7
1 16
1 12
1 14
1 11
1 1
1 21
1 24
1 23
1 28
1 29
1 31
1 32
2 30
2 3
2 18
2 20
2 4
2 25
2 5
2 26
2 27
2 22
2 17
2 13
2 15
2 8
2 21
2 16
2 19
2 29
2 23
2 9
2 24
2 32
2 31
2 14
2 28
2 11
2 7
2 6
2 12
2 34
3 33
3 30
3 22
3 19
3 4
3 5
3 27
3 9
3 16
3 29
3 31
3 8
3 14
3 28
3 11
3 7
3 12
3 13
3 15
3 17
3 18
3 20
3 23
3 24
3 25
3 34
3 26
3 6
3 21
3 32
4 10
4 18
4 20
4 22
4 19
4 12
4 14
4 6
4 15
4 16
4 11
4 23
4 5
4 8
4 24
4 28
4 25
4 26
4 27
4 29
4 34
4 31
4 32
5 33
5 10
5 18
5 20
5 25
5 22
5 19
5 7
5 11
5 13
5 14
5 9
5 16
5 6
5 17
5 23
5 24
5 32
5 15
5 12
5 8
5 27
5 28
5 34
5 29
5 31
5 26
6 10
6 30
6 18
6 20
6 25
6 26
6 27
6 22
6 13
6 15
6 8
6 21
6 19
6 29
6 23
6 9
6 24
6 32
6 12
6 31
6 14
6 28
6 11
6 7
6 6
6 34
7 30
7 18
7 20
7 26
7 27
7 22
7 17
7 13
7 15
7 21
7 16
7 29
7 23
7 9
7 24
7 12
7 31
7 14
7 28
7 11
7 34
8 10
8 30
8 20
8 26
8 27
8 13
8 15
8 9
8 16
8 29
8 31
8 14
8 24
8 23
8 28
8 34
8 8
9 10
9 18
9 20
9 25
9 26
9 27
9 22
9 17
9 13
9 15
9 21
9 16
9 19
9 29
9 23
9 11
9 9
9 14
9 24
9 12
9 34
9 28
9 32
9 31
10 19
10 27
10 16
10 14
10 15
10 10
10 28
11 17
11 16
11 19
11 11
12 20
12 21
12 19
13 33
13 30
13 15
14 33
14 20
14 17
15 33
15 20
15 19
15 32
16 30
16 18
16 20
16 17
16 19
16 32
17 25
17 22
17 19
17 31
17 24
17 23
18 18
19 20
19 26
19 27
19 34
20 30
20 20
20 34
20 21
20 26
21 33
21 32
22 33
22 22
23 33
24 27
24 24
25 33
28 33
29 29
30 33
30 30
31 33
33 33
34 34
